781924,75.88229050279325
13325038116,101.34775510204084
13854627199,82.35085714285717
13864739266,82.35085714285717
15954611837,75.44899038461539
15954688237,104.25296874999994
15963883482,151.78366666666653
15963885355,73.55823529411765
18554652702,77.3619902912621
18654692914,75.69935779816514
18764569988,74.3959090909091
1590120464497,74.3959090909091
1590120718170,74.3959090909091
1590130640102,73.55823529411765
1590130817948,88.3714814814815
1590140304209,74.3959090909091
1590140304506,198.9883950617284
1590140305107,75.69935779816514
1590140306678,175.64467213114747
1590140307286,74.3959090909091
1590140307415,77.3619902912621
1590140307767,77.3619902912621
1590140307859,170.3001544401546
1590140308030,77.3619902912621
1590140308214,74.8492741935484
1590141216259,74.60848484848485
1590141414228,88.3714814814815
1590142128124,75.69935779816514
1590142129763,74.60848484848485
1590142148962,82.35085714285717
1590142149112,75.88229050279325
1590142149853,77.3619902912621
1590142150507,73.55823529411765
1590142151689,160.1198780487805
1590142152440,74.3959090909091
1590142176354,75.44899038461539
1590142176521,75.69935779816514
1590142179621,74.3959090909091
1590142191722,88.3714814814815
1590142194327,75.88229050279325
1590142197076,77.3619902912621
1590142201148,85.56157894736845
1590142201162,77.3619902912621
1590142201513,75.69935779816514
1590142202190,74.8492741935484
1590142203104,77.3619902912621
1590142203180,74.8492741935484
1590142203401,77.3619902912621
1590142204569,75.88229050279325
1590142205993,85.56157894736845
1590142206747,88.3714814814815
1590142210195,74.60848484848485
1590142213189,77.3619902912621
1590142213356,85.56157894736845
1590142213981,160.1198780487805
1590142215619,77.3619902912621
1590142230179,77.3619902912621
1590142240482,74.3959090909091
1590142242370,75.88229050279325
1590142456470,77.3619902912621
1590142477895,85.56157894736845
1590142514866,75.44899038461539
1590142516068,75.88229050279325
1590142516600,74.3959090909091
1590142517836,75.88229050279325
1590142518307,88.3714814814815
1590142519632,75.88229050279325
1590142520300,74.3959090909091
1590142648356,75.88229050279325
1590142751995,75.44899038461539
1590150321449,74.3959090909091
1590151076256,104.25296874999994
1590151103907,82.35085714285717
1590151210391,74.3959090909091
1590151321240,74.3959090909091
1590151363066,74.3959090909091
1590151427355,75.69935779816514
1590151428581,74.8492741935484
1590151432557,75.88229050279325
1590151457185,117.92666666666668
1590151459721,74.3959090909091
1590151464053,74.3959090909091
1590151467962,74.3959090909091
1590151472027,74.3959090909091
1590151472782,73.55823529411765
1590151500423,74.3959090909091
1590151682891,74.3959090909091
1590151825175,75.88229050279325
1590151829753,74.8492741935484
1590151832586,80.735
1590151832593,73.55823529411765
1590151835808,77.3619902912621
1590151842899,74.8492741935484
1590151843124,75.88229050279325
1590151977348,75.88229050279325
1591012978559,82.35085714285717
1591013167365,74.3959090909091
1591013227632,75.88229050279325
1591013471721,77.3619902912621
1591013766650,75.44899038461539
1591013866800,75.88229050279325
1591013877134,151.78366666666653
1591014083046,74.3959090909091
1591014130276,74.3959090909091
1591014133086,73.55823529411765
1591014214433,65.40830000000001
1591014255948,117.92666666666668
1591014278527,77.3619902912621
1591014338276,73.55823529411765
1591014523610,73.55823529411765
1591014577972,74.3959090909091
1591014637324,75.88229050279325
1591014680184,75.69935779816514
1591014943968,77.3619902912621
1591015027858,75.44899038461539
1591015034924,74.60848484848485
1591015074944,74.3959090909091
1591015088262,75.69935779816514
1591015091286,74.3959090909091
1591015097233,75.88229050279325
1591015097516,82.35085714285717
1591015112424,75.88229050279325
1591015136338,74.3959090909091
1591015184407,142.401871657754
1591015218485,75.88229050279325
1591015269418,74.60848484848485
1591015327590,74.60848484848485
1591015408602,74.3959090909091
1591015419448,74.8492741935484
1591015420000,82.35085714285717
1591015452933,74.3959090909091
1591015454142,74.3959090909091
1591015454210,85.56157894736845
1591015454562,75.88229050279325
1591015454692,82.35085714285717
1591015454814,75.44899038461539
1591015456955,75.88229050279325
1591015456993,75.69935779816514
1591015457273,74.8492741935484
1591015476700,73.55823529411765
1591015478124,85.56157894736845
1591015480455,74.60848484848485
1591015480745,85.56157894736845
1591015483951,75.44899038461539
1591015500993,119.49739130434784
1591015501716,74.8492741935484
1591015506575,75.88229050279325
1591015519216,82.35085714285717
1591015521639,74.8492741935484
1591015598785,75.88229050279325
1591015600815,75.44899038461539
1591015604417,75.88229050279325
1591016154157,74.3959090909091
1591016159916,75.44899038461539
1591016162466,75.69935779816514
1591016170300,77.3619902912621
1591016172045,75.88229050279325
1591016174353,75.44899038461539
1591016174957,80.735
1591016310287,75.88229050279325
1591016320026,74.60848484848485
1591016350504,75.69935779816514
1591016382857,92.43318181818182
1591016411137,77.3619902912621
1591016439575,82.35085714285717
1591016440328,170.3001544401546
1591016443121,75.88229050279325
1591016494765,75.88229050279325
1591016517778,77.3619902912621
1591016517921,77.3619902912621
1591016519031,73.55823529411765
1591020269281,74.3959090909091
1591020377344,117.92666666666668
1591020695158,74.3959090909091
1591020742401,74.3959090909091
1591020742449,74.3959090909091
1591030092053,170.3001544401546
1591030217500,77.3619902912621
1591030411823,74.60848484848485
1591040087452,77.3619902912621
1591040155274,74.3959090909091
1591040161114,74.3959090909091
1591040203906,88.3714814814815
1591040356657,74.3959090909091
1591040416658,75.88229050279325
1591040462983,77.3619902912621
1591040497398,74.3959090909091
1592010017509,101.34775510204084
1592013087615,88.3714814814815
1592014016171,75.69935779816514
1592015013285,77.3619902912621
1592015016880,88.3714814814815
1592015018662,77.3619902912621
1592015026841,74.3959090909091
1592015046818,82.35085714285717
1592015053267,74.3959090909091
1592015054592,75.88229050279325
1592015056299,75.88229050279325
1592015056343,74.3959090909091
1592015058774,74.8492741935484
1592015058781,163.33218750000003
1592015059993,170.3001544401546
1593140971419,74.3959090909091
1593141148827,73.55823529411765
1593150463515,74.3959090909091
1593160622155,75.44899038461539
1594140121125,74.3959090909091
1594140460286,104.25296874999994
1595112593216,73.55823529411765
1595130081566,75.88229050279325
1595140489499,75.69935779816514
1595140612422,75.44899038461539
1595150263683,82.35085714285717
1595150403423,73.55823529411765
1595150738747,75.88229050279325
1595150738976,85.56157894736845
1595150770945,75.44899038461539
1595150771652,74.3959090909091
1595150883423,73.55823529411765
1595150992095,65.40830000000001
1595150997786,77.3619902912621
1595151123344,74.3959090909091
1595151168727,77.3619902912621
1595151204906,74.3959090909091
1595151355660,74.3959090909091
1595151375125,74.3959090909091
1595151442803,74.3959090909091
1595151609213,74.3959090909091
1595151616471,74.3959090909091
1595151629143,75.44899038461539
1595151630446,75.69935779816514
1595151630774,88.3714814814815
1595151631146,77.3619902912621
1595151644528,74.8492741935484
1595151738968,74.3959090909091
1595151786686,75.88229050279325
1595151866807,75.88229050279325
1595151915963,75.69935779816514
1595160035249,77.3619902912621
1595160353664,117.92666666666668
1596130424193,74.3959090909091
1596140586607,82.35085714285717
1596140587802,73.55823529411765
1596140594374,77.3619902912621
1596140628703,74.3959090909091
1596160006376,75.88229050279325
1596160024097,75.44899038461539
1596160058337,77.3619902912621
1598140055923,88.3714814814815
1598140107578,75.44899038461539
1598140129341,74.3959090909091
2900000040663,75.88229050279325
2900000047648,75.88229050279325
2900000048812,74.8492741935484
2900000050419,75.88229050279325
2900000050785,73.55823529411765
2900000060012,75.69935779816514
2900000071742,162.12239436619726
2900000072022,162.73833333333337
2900000072701,74.3959090909091
2900000074163,74.60848484848485
2900000124974,85.56157894736845
2900000125261,160.1198780487805
2900000138056,77.3619902912621
2900000138223,88.3714814814815
2900000164567,75.44899038461539
2900000177079,74.3959090909091
2900000178106,75.44899038461539
2900000179417,88.3714814814815
2900000192492,74.3959090909091
2900000194298,75.88229050279325
2900000203457,101.34775510204084
2900000210790,82.35085714285717
2900000216952,142.401871657754
2900000224001,74.3959090909091
2900000224315,74.3959090909091
2900000239876,74.8492741935484
2900000245396,77.3619902912621
2900000245914,201.61028571428574
2900000246638,75.88229050279325
2900000253230,74.3959090909091
2900000254503,75.88229050279325
2900000255463,75.44899038461539
2900000256637,77.3619902912621
2900000268692,82.35085714285717
2900000271814,85.56157894736845
2900000284333,104.25296874999994
2900000304376,77.3619902912621
2900000307377,75.44899038461539
2900000308312,77.3619902912621
2900000317307,73.55823529411765
2900000330863,82.35085714285717
2900000337633,88.3714814814815
2900000339637,74.60848484848485
2900000342651,74.3959090909091
2900000345300,151.78366666666653
2900000348561,74.3959090909091
2900000350175,74.3959090909091
2900000350458,77.3619902912621
2900000353848,160.1198780487805
2900000372849,73.55823529411765
2900000383913,119.49739130434784
2900000384187,74.3959090909091
2900000385627,74.3959090909091
2900000386440,77.3619902912621
2900000386495,77.3619902912621
2900000390256,75.69935779816514
2900000394940,74.8492741935484
2900000401495,74.8492741935484
2900000404731,74.3959090909091
2900000408586,74.3959090909091
2900000416307,162.73833333333337
2900000417663,74.3959090909091
2900000418073,133.04046153846156
2900000448520,101.34775510204084
2900000449732,74.3959090909091
2900000451452,163.33218750000003
2900000452756,75.69935779816514
2900000468030,74.3959090909091
2900000476042,142.401871657754
2900000485990,75.44899038461539
2900000490130,104.25296874999994
2900000516892,88.3714814814815
2900000544765,75.69935779816514
2900000557161,74.3959090909091
2900000562165,77.3619902912621
2900000566378,142.401871657754
2900000574274,74.3959090909091
2900000587649,151.78366666666653
2900000588691,77.3619902912621
2900000598973,75.69935779816514
2900000604360,117.92666666666668
2900000623040,74.3959090909091
2900000680036,74.3959090909091
2900000776104,77.3619902912621
2900000780040,75.69935779816514
2900000780743,75.44899038461539
2900000780835,82.35085714285717
2900000781603,75.88229050279325
2900000784918,74.3959090909091
2900000840164,151.78366666666653
2900000840805,74.8492741935484
2900000845121,74.3959090909091
2900000847224,74.3959090909091
2900000849785,77.3619902912621
2900000852525,74.3959090909091
2900000855502,75.88229050279325
2900000856585,74.3959090909091
2900000863286,74.3959090909091
2900000863880,74.3959090909091
2900000864498,104.25296874999994
2900000870994,74.3959090909091
2900000874145,88.3714814814815
2900000874930,215.21623655913976
2900000880467,74.3959090909091
2900000883475,75.69935779816514
2900000883819,85.56157894736845
2900000884007,74.8492741935484
2900000890688,74.3959090909091
2900000934474,151.78366666666653
2900000936997,92.43318181818182
2900000941830,117.92666666666668
2900001020541,74.3959090909091
2900001047739,82.35085714285717
2900001050364,74.60848484848485
2900001050500,75.69935779816514
2900001050791,74.60848484848485
2900001053938,74.3959090909091
2900001067881,104.25296874999994
2900001067911,75.69935779816514
2900001068499,77.3619902912621
2900001068833,312.02248868778287
2900001078658,75.88229050279325
2900001090605,74.8492741935484
2900001092012,82.35085714285717
2900001093019,73.55823529411765
2900001094702,74.3959090909091
2900001095952,170.3001544401546
2900001109598,75.88229050279325
2900001137843,74.8492741935484
2900001157902,88.3714814814815
2900001211239,74.3959090909091
2900001211321,80.735
2900001215688,88.3714814814815
2900001216616,75.88229050279325
2900001220255,82.35085714285717
2900001222099,210.83375
2900001234399,104.25296874999994
2900001238632,88.3714814814815
2900001240246,74.60848484848485
2900001255080,77.3619902912621
2900001270014,73.55823529411765
2900001270199,75.44899038461539
2900001270205,74.8492741935484
2900001307901,74.3959090909091
2900001308168,74.3959090909091
2900001309639,74.8492741935484
2900001331616,74.3959090909091
2900001355049,74.3959090909091
2900001364058,74.3959090909091
2900001398121,65.40830000000001
2900001413886,74.3959090909091
2900001419826,75.69935779816514
2900001421652,104.25296874999994
2900001423069,80.735
2900001431651,74.3959090909091
2900001432658,65.40830000000001
2900001432672,74.8492741935484
2900001435116,65.40830000000001
2900001436120,74.3959090909091
2900001436366,74.60848484848485
2900001436410,75.88229050279325
2900001436700,104.25296874999994
2900001437165,75.88229050279325
2900001437424,74.60848484848485
2900001451932,74.8492741935484
2900001452366,104.25296874999994
2900001462648,74.3959090909091
2900001463379,85.56157894736845
2900001465380,74.3959090909091
2900001465816,74.3959090909091
2900001465960,162.12239436619726
2900001466509,73.55823529411765
2900001467353,74.8492741935484
2900001470780,74.3959090909091
2900001497336,85.56157894736845
2900001509459,75.69935779816514
2900001538596,88.3714814814815
2900001540117,151.78366666666653
2900001540971,74.3959090909091
2900001550246,75.69935779816514
2900001559720,75.88229050279325
2900001568630,85.56157894736845
2900001575201,77.3619902912621
2900001578363,77.3619902912621
2900001582933,75.88229050279325
2900001645768,101.34775510204084
2900001661508,162.12239436619726
2900001663823,77.3619902912621
2900001668996,74.3959090909091
2900001671408,163.33218750000003
2900001684507,77.3619902912621
2900002532630,85.56157894736845
2900002542837,75.44899038461539
2900002548457,75.44899038461539
2900002701746,75.44899038461539
2900002927733,74.3959090909091
2900002930092,75.44899038461539
2900002932416,162.12239436619726
2900002932614,88.3714814814815
2900002933024,80.735
2900002933918,209.37424242424245
2900002934304,75.44899038461539
2900002934342,74.8492741935484
2900002934762,74.3959090909091
2900002934892,162.12239436619726
2900002934915,74.3959090909091
2900002936520,104.25296874999994
2900002936940,104.25296874999994
2900002937428,77.3619902912621
2900002937503,104.25296874999994
2900002944402,162.12239436619726
2900002944471,88.3714814814815
2900002944495,82.35085714285717
2900002969559,77.3619902912621
2900003105154,77.3619902912621
2900003105161,74.3959090909091
2900003106281,215.21623655913976
2900003106502,75.44899038461539
2900003107363,117.92666666666668
2900003108773,162.12239436619726
2900003110479,75.88229050279325
2900003114002,82.35085714285717
2900003114170,244.5060975609756
2900003114613,77.3619902912621
2900003114880,74.3959090909091
2900003115009,209.37424242424245
2900003116341,74.3959090909091
2900003116822,88.3714814814815
2900003117386,75.44899038461539
2900003120607,117.92666666666668
2900003122076,74.3959090909091
2900003123479,74.60848484848485
6222021615010082737,88.3714814814815
6227002180901670266,74.3959090909091
6227002180921663895,74.60848484848485
