781924,103.13524999999997
13325038116,187.4835
13854627199,107.07675000000002
13864739266,140.94824999999997
15954611837,94.18799999999999
15954688237,154.44075
15963883482,102.88325
15963885355,79.09224999999999
18554652702,56.17974999999999
18654692914,68.40075
18764569988,44.02974999999999
1590120464497,37.108999999999995
1590120718170,31.903499999999998
1590130640102,47.94574999999999
1590130817948,115.08350000000003
1590140304209,27.739749999999997
1590140304506,155.00800000000004
1590140305107,9.261750000000003
1590140306678,109.505
1590140307286,27.739749999999997
1590140307415,119.50825000000002
1590140307767,120.92450000000001
1590140307859,135.38299999999998
1590140308030,34.043749999999996
1590140308214,72.26575
1590141216259,9.441750000000003
1590141414228,73.21649999999998
1590142128124,73.71824999999998
1590142129763,30.505000000000003
1590142148962,8.3285
1590142149112,54.54375
1590142149853,50.635749999999994
1590142150507,15.679750000000002
1590142151689,96.27499999999995
1590142152440,27.739749999999997
1590142176354,22.306250000000002
1590142176521,47.08649999999999
1590142179621,27.739749999999997
1590142191722,24.566
1590142194327,84.2565
1590142197076,49.772499999999994
1590142201148,69.45275000000001
1590142201162,125.08449999999998
1590142201513,18.903750000000002
1590142202190,68.10925
1590142203104,63.563999999999986
1590142203180,3.1675
1590142203401,66.09575000000001
1590142204569,20.348750000000003
1590142205993,123.49875
1590142206747,145.20775
1590142210195,13.92775
1590142213189,134.4605
1590142213356,82.38550000000001
1590142213981,131.86774999999997
1590142215619,49.62424999999999
1590142230179,41.46499999999999
1590142240482,30.954250000000002
1590142242370,70.674
1590142456470,98.53575000000001
1590142477895,34.879999999999995
1590142514866,30.90299999999999
1590142516068,17.98
1590142516600,29.760749999999994
1590142517836,50.88424999999999
1590142518307,9.81175
1590142519632,29.161999999999995
1590142520300,29.760749999999994
1590142648356,21.622749999999996
1590142751995,78.23724999999999
1590150321449,29.760749999999994
1590151076256,85.7235
1590151103907,103.10624999999997
1590151210391,54.697750000000006
1590151321240,47.91450000000001
1590151363066,29.760749999999994
1590151427355,62.69999999999999
1590151428581,36.043499999999995
1590151432557,5.054
1590151457185,70.71125000000002
1590151459721,29.760749999999994
1590151464053,29.760749999999994
1590151467962,29.760749999999994
1590151472027,16.881750000000004
1590151472782,20.912250000000004
1590151500423,29.760749999999994
1590151682891,29.760749999999994
1590151825175,1.30625
1590151829753,36.16174999999998
1590151832586,129.09449999999998
1590151832593,17.089499999999997
1590151835808,23.400250000000003
1590151842899,28.043
1590151843124,47.5775
1590151977348,7.093999999999999
1591012978559,39.25499999999999
1591013167365,30.616249999999997
1591013227632,48.06375
1591013471721,40.80575
1591013766650,11.8855
1591013866800,65.8675
1591013877134,110.84949999999999
1591014083046,30.616249999999997
1591014130276,30.616249999999997
1591014133086,29.304499999999997
1591014214433,18.4225
1591014255948,66.9605
1591014278527,69.73975
1591014338276,5.16
1591014523610,9.83325
1591014577972,30.616249999999997
1591014637324,32.17524999999999
1591014680184,31.12025
1591014943968,94.203
1591015027858,109.42425
1591015034924,27.0785
1591015074944,30.616249999999997
1591015088262,21.841
1591015091286,28.503749999999997
1591015097233,21.964999999999996
1591015097516,25.25225
1591015112424,12.452000000000002
1591015136338,30.616249999999997
1591015184407,105.68799999999996
1591015218485,3.2215000000000003
1591015269418,23.15125
1591015327590,32.63099999999999
1591015408602,30.616249999999997
1591015419448,27.667499999999997
1591015420000,87.70974999999997
1591015452933,30.616249999999997
1591015454142,21.972
1591015454210,24.800999999999995
1591015454562,39.39549999999999
1591015454692,46.585750000000004
1591015454814,18.82775
1591015456955,9.695500000000001
1591015456993,50.909249999999986
1591015457273,67.93475000000001
1591015476700,3.6052500000000003
1591015478124,81.12550000000002
1591015480455,51.202
1591015480745,61.603999999999985
1591015483951,23.086000000000002
1591015500993,111.80849999999998
1591015501716,10.44125
1591015506575,24.334249999999997
1591015519216,72.6405
1591015521639,9.87325
1591015598785,19.647000000000002
1591015600815,39.763999999999996
1591015604417,18.795250000000003
1591016154157,123.13199999999999
1591016159916,70.10825000000003
1591016162466,23.16275
1591016170300,116.18649999999998
1591016172045,21.663750000000004
1591016174353,35.991749999999996
1591016174957,24.190999999999995
1591016310287,8.9025
1591016320026,60.676
1591016350504,25.921749999999996
1591016382857,68.2235
1591016411137,100.041
1591016439575,31.232999999999993
1591016440328,277.6419999999998
1591016443121,45.30549999999998
1591016494765,46.90674999999999
1591016517778,8.33425
1591016517921,37.54174999999999
1591016519031,17.778
1591020269281,10.238
1591020377344,51.006750000000004
1591020695158,28.32099999999999
1591020742401,28.32099999999999
1591020742449,28.32099999999999
1591030092053,80.39075
1591030217500,16.266249999999996
1591030411823,25.191249999999997
1591040087452,102.48225
1591040155274,28.32099999999999
1591040161114,28.32099999999999
1591040203906,46.59049999999999
1591040356657,28.32099999999999
1591040416658,20.541
1591040462983,44.94624999999999
1591040497398,28.32099999999999
1592010017509,63.49725000000001
1592013087615,13.267750000000001
1592014016171,23.278000000000002
1592015013285,87.86925000000001
1592015016880,33.815999999999995
1592015018662,54.67799999999998
1592015026841,28.32099999999999
1592015046818,22.738499999999995
1592015053267,28.32099999999999
1592015054592,25.167000000000005
1592015056299,44.63274999999999
1592015056343,28.32099999999999
1592015058774,42.73599999999998
1592015058781,146.08525000000003
1592015059993,96.51275000000001
1593140971419,28.32099999999999
1593141148827,22.57175
1593150463515,28.32099999999999
1593160622155,30.677249999999997
1594140121125,28.32099999999999
1594140460286,24.810749999999995
1595112593216,14.748250000000002
1595130081566,18.428500000000003
1595140489499,70.91625000000002
1595140612422,43.300999999999995
1595150263683,48.93374999999999
1595150403423,34.95799999999999
1595150738747,15.50625
1595150738976,57.43625000000001
1595150770945,21.287
1595150771652,28.32099999999999
1595150883423,9.057749999999999
1595150992095,12.07975
1595150997786,24.261249999999997
1595151123344,28.32099999999999
1595151168727,46.28124999999999
1595151204906,28.32099999999999
1595151355660,28.32099999999999
1595151375125,28.32099999999999
1595151442803,28.32099999999999
1595151609213,11.99275
1595151616471,28.32099999999999
1595151629143,32.289750000000005
1595151630446,18.289749999999998
1595151630774,54.14500000000002
1595151631146,36.54125
1595151644528,15.9295
1595151738968,28.32099999999999
1595151786686,31.976999999999986
1595151866807,60.70324999999999
1595151915963,18.18475
1595160035249,44.489
1595160353664,57.4865
1596130424193,28.32099999999999
1596140586607,56.253499999999995
1596140587802,9.076
1596140594374,4.977
1596140628703,17.395
1596160006376,11.10925
1596160024097,20.801000000000002
1596160058337,9.42175
1598140055923,32.66925
1598140107578,21.489500000000003
1598140129341,28.32099999999999
2900000040663,16.80875
2900000047648,13.026499999999999
2900000048812,34.809749999999994
2900000050419,3.2254999999999994
2900000050785,7.536999999999999
2900000060012,40.5425
2900000071742,152.58475
2900000072022,165.16900000000004
2900000072701,28.44475
2900000074163,17.604750000000003
2900000124974,50.3685
2900000125261,69.04275
2900000138056,104.01675
2900000138223,43.58775000000001
2900000164567,20.4235
2900000177079,21.8565
2900000178106,15.750500000000002
2900000179417,35.737500000000004
2900000192492,28.44475
2900000194298,76.23574999999997
2900000203457,45.469249999999995
2900000210790,60.31325
2900000216952,79.53225
2900000224001,28.44475
2900000224315,28.44475
2900000239876,10.79775
2900000245396,22.393
2900000245914,44.09049999999999
2900000246638,33.9105
2900000253230,28.44475
2900000254503,12.632750000000001
2900000255463,53.95524999999999
2900000256637,33.92075
2900000268692,44.05275000000001
2900000271814,46.939
2900000284333,136.18599999999998
2900000304376,33.06099999999999
2900000307377,27.419249999999998
2900000308312,47.62925
2900000317307,9.296500000000002
2900000330863,136.897
2900000337633,40.015249999999995
2900000339637,55.358749999999986
2900000342651,28.44475
2900000345300,283.6162499999999
2900000348561,28.44475
2900000350175,24.852749999999997
2900000350458,88.55049999999997
2900000353848,171.29325
2900000372849,14.121500000000003
2900000383913,142.95125
2900000384187,27.994
2900000385627,25.246750000000002
2900000386440,62.73825000000001
2900000386495,44.97824999999999
2900000390256,24.09925
2900000394940,28.2185
2900000401495,10.318000000000001
2900000404731,27.994
2900000408586,27.994
2900000416307,118.75800000000004
2900000417663,23.03375
2900000418073,179.2525
2900000448520,114.08574999999999
2900000449732,23.834250000000004
2900000451452,105.30375000000001
2900000452756,70.29325
2900000468030,39.211749999999995
2900000476042,134.68025
2900000485990,16.1345
2900000490130,80.01425000000003
2900000516892,38.83874999999999
2900000544765,33.159499999999994
2900000557161,27.994
2900000562165,11.65525
2900000566378,41.77774999999998
2900000574274,27.994
2900000587649,34.9865
2900000588691,29.093999999999994
2900000598973,25.9495
2900000604360,83.938
2900000623040,27.994
2900000680036,27.994
2900000776104,12.088000000000001
2900000780040,19.11725
2900000780743,24.25175
2900000780835,4.879
2900000781603,17.865750000000002
2900000784918,27.994
2900000840164,25.02775
2900000840805,36.726749999999996
2900000845121,27.994
2900000847224,27.994
2900000849785,107.249
2900000852525,27.994
2900000855502,14.04925
2900000856585,27.994
2900000863286,27.994
2900000863880,27.994
2900000864498,105.38400000000001
2900000870994,29.7095
2900000874145,10.34325
2900000874930,95.58525
2900000880467,27.994
2900000883475,25.2575
2900000883819,26.776500000000006
2900000884007,26.01775
2900000890688,27.994
2900000934474,31.890750000000008
2900000936997,100.63174999999998
2900000941830,49.849249999999984
2900001020541,27.994
2900001047739,43.99375
2900001050364,27.42025
2900001050500,7.053
2900001050791,37.184
2900001053938,27.994
2900001067881,84.70650000000003
2900001067911,36.672250000000005
2900001068499,38.06675
2900001068833,275.091
2900001078658,66.84450000000001
2900001090605,18.7305
2900001092012,78.25125
2900001093019,5.30075
2900001094702,27.994
2900001095952,117.949
2900001109598,29.079249999999995
2900001137843,13.894
2900001157902,153.40475
2900001211239,32.847750000000005
2900001211321,57.85674999999999
2900001215688,70.51599999999999
2900001216616,49.09399999999998
2900001220255,49.24674999999999
2900001222099,96.724
2900001234399,109.7115
2900001238632,44.406250000000014
2900001240246,16.564
2900001255080,123.29750000000001
2900001270014,15.141000000000002
2900001270199,15.33475
2900001270205,31.774250000000002
2900001307901,28.294
2900001308168,28.294
2900001309639,12.0615
2900001331616,28.294
2900001355049,28.294
2900001364058,28.294
2900001398121,11.56875
2900001413886,28.294
2900001419826,69.03925000000001
2900001421652,47.194750000000006
2900001423069,27.076749999999997
2900001431651,28.294
2900001432658,11.1765
2900001432672,35.77049999999999
2900001435116,16.727999999999998
2900001436120,28.294
2900001436366,18.085
2900001436410,10.966
2900001436700,79.56825000000002
2900001437165,96.1985
2900001437424,6.35175
2900001451932,27.808250000000005
2900001452366,144.45824999999996
2900001462648,28.294
2900001463379,41.357249999999986
2900001465380,28.294
2900001465816,9.417
2900001465960,74.494
2900001466509,5.827999999999999
2900001467353,28.372750000000003
2900001470780,28.294
2900001497336,91.03099999999999
2900001509459,70.50174999999999
2900001538596,50.2605
2900001540117,78.87975
2900001540971,29.374249999999996
2900001550246,18.192000000000004
2900001559720,11.630500000000001
2900001568630,35.670249999999996
2900001575201,23.4655
2900001578363,42.62049999999999
2900001582933,16.466500000000003
2900001645768,102.15775
2900001661508,49.88624999999999
2900001663823,106.91324999999999
2900001668996,28.294
2900001671408,69.09125
2900001684507,65.29225
2900002532630,97.61600000000001
2900002542837,35.482749999999996
2900002548457,9.30875
2900002701746,28.202000000000005
2900002927733,29.290999999999997
2900002930092,56.671499999999995
2900002932416,480.24299999999994
2900002932614,51.82025
2900002933024,21.901500000000006
2900002933918,163.3335
2900002934304,25.269750000000002
2900002934342,41.2565
2900002934762,29.290999999999997
2900002934892,42.91824999999999
2900002934915,29.290999999999997
2900002936520,56.88175000000001
2900002936940,104.63100000000001
2900002937428,35.18599999999999
2900002937503,74.80325000000002
2900002944402,68.11574999999999
2900002944471,110.65500000000002
2900002944495,36.89425000000001
2900002969559,43.539
2900003105154,42.41625000000001
2900003105161,30.685000000000002
2900003106281,102.22624999999998
2900003106502,41.890250000000016
2900003107363,52.54524999999999
2900003108773,79.87875000000001
2900003110479,90.47399999999999
2900003114002,31.891250000000003
2900003114170,121.03549999999998
2900003114613,41.6695
2900003114880,30.685000000000002
2900003115009,67.7755
2900003116341,30.685000000000002
2900003116822,93.69550000000001
2900003117386,59.8995
2900003120607,114.73950000000002
2900003122076,30.685000000000002
2900003123479,22.461499999999997
6222021615010082737,69.12025
6227002180901670266,30.685000000000002
6227002180921663895,29.947000000000003
